00001010000010000000100000001010
00000000000000000000000000000000
10111111001011101110101000110110
10111110111000011110111111010101
00111111000011110101101111001111
00111111001101100011101100100100
10111011111100110010100010000011
00111110111110101101000110011011
10111111001111000100111101100100
00111111001111111100101111001000
01000000000000001000110100011010
00111111111100011101010110011010
00111110100010101111011011001111
00111110000101011100010111100000
00111111010101100010111111010001
00111111000011110010001110000011
10111111111110010010100101110010
00111101101100110110001111011101
10111111100010100001101000101010
10111111101111101110101110101101
00111111000011100101110101101101
10111110111100010010100001001101
10111111000000111111000000101001
11000000000001111111011110001110
00111110011110001000101101000111
00111111000101010010101011101111
10111111110110010100000011010111
10111110010110011000100100010000
00111110001001001110111000001010
10111101100111111101110010000110
00111110100111111100111100010111
00111111001001001011001111000011
10111111100000000110110101010101
00111111001001100100100110111110
10111111001010010101101110111001
10111110100101001111000001011011
01000000000011100010100111110000
00111111100100000000101010001010
10111111010001111100010111010001
10111110100110000110111000011011
00111111100110011001010101111100
00111111100101101011111010111010
00111101110000111011110100001111
00111111000011011001001100100101
10111111101011100001011000101101
00111110100000100001111110011111
00111111110110100011000111101001
01000000000100110110011110110101
00111111100010111010110000011011
10111111110101011011100000001010
00111111101001100000001100011001
10111111000100001111001011111011
00111111011100011001100110111011
10111110101000100000011000101100
00111111100010001011100010000100
10111111100110101110101000011100
01000000000111101101111010100100
10111111100100010101010101000011
00111110100011001111111100101100
10111111100010011010001000010000
10111111101101010110100001001000
01000000001100100101111000100011
10111111001100101011110100111110
00111111010010010000010110110111
10111110101001100100000010111010
00111111001000010111010011110000
10111110100100101110101110101111
00111111100101011001011001111010
10111111110110010001011100111110
10111111001011100100101000001010
00111110101101101001100001011100
10111101110010111111000010100111
00111111100101000010110110010110
11000000000000100111100011100100
00111101101100101000110000001000
00111111001101001101001010011110
00111101101001010111110101101010
00111110001110100011110011101001
00111110110011010110111001000000
10111110100011011001010001100000
01000000001010000010101110010010
10111101011001111101011101000100
01000000001001010101010101110010
10111111000110011000100111100101
10111111010000011111101110011111
00111111001110011011011100101110
10111111100001010011100001111010
00111111010011011111001000110001
00111111000010101110010001001110
00111110100111010101111111101000
10111111000010001011011111010001
00111111000100001111101111111011
10111111111110010101101010010010
10111111011010010000101011001010
10111111101011111010001000011000
10111110100000011110001101011010
10111110001001100100001100111011
10111111001110011000001010110100
00111111001001000011101101111001
00111111101001101000010001010110
10111101110100111100010100000011
10111111000111000010001011111100
10111111011010101010101111011000
00111111011011111010011000101011
00111110100001000011100001011110
10111111101111101001010010011110
00111011110111101110001101010100
10111110111100111111010111000110
00111111001010101100001011000000
00111111100010000011010001101010
10111111010010100011011010100110
00111111000001100010000101010100
00111110001000010001000111000001
00111111101100010110000000100000
00111111100100100010101111111101
00111100111110001110100100110101
10111111101101100101100110001001
10111101011010110000110111001000
10111111010100000011100011000101
10111110111011111110100111100000
00111111010100010101000001000110
10111111000000111011001101100101
10111111011100100001110011000100
00111111111010010010110001110110
00111101101101111101001110000001
10111111101010100110001011010000
10111111011011101100111010101010
10111111111100000001110000100110
00111111010110101111010111110011
00111100111101011010000111110110
10111111101010101101000010101101
00111110010101111110001001110010
00111101100110110010111100011010
00111110101101111101011110011111
00111111000110000101101001000100
10111111100101011111010010111110
00111101100000001111011100110100
10111111100110011101011011111100
10111111101010000000100111001110
10111110101110010011101100001101
00111111001011101101111001001001
00111110110101110010001101011001
00111101110100011001100110010100
10111111010000100100111000000001
10111111000110101010101100011010
00111111001101101111111110000111
00111111000010111010010100001001
10111111100001000101000010100110
10111111001011001100010000001001
00111111010110111110111111100011
10111110111001010111001011101101
10111111000010010100010111101000
10111101110111000111011000100010
00111110100010110001011011001110
10111110010110111110111001010111
10111111000000011101011011000001
10111101111001111111111100001010
00111111010011001000000100110000
10111111011000011010001011000100
11000000001010000000000011000001
10111111010101100110100001110011
10111110101000111101110100001100
00000000000000000000000000000000
00000000000000000000000000000000
00000000000000000000000000000000
00000000000000000000000000000000
00000000000000000000000000000000
00000000000000000000000000000000
00000000000000000000000000000000
00000000000000000000000000000000
00000000000000000000000000000000
00000000000000000000000000000000
00000000000000000000000000000000
00000000000000000000000000000000
00000000000000000000000000000000
00000000000000000000000000000000
00000000000000000000000000000000
00000000000000000000000000000000
00000000000000000000000000000000
00000000000000000000000000000000
00000000000000000000000000000000
00000000000000000000000000000000
00000000000000000000000000000000
00000000000000000000000000000000
00000000000000000000000000000000
00000000000000000000000000000000
00000000000000000000000000000000
00000000000000000000000000000000
00000000000000000000000000000000
00000000000000000000000000000000
00000000000000000000000000000000
00000000000000000000000000000000
00000000000000000000000000000000
00000000000000000000000000000000
00000000000000000000000000000000
00000000000000000000000000000000
00000000000000000000000000000000
00000000000000000000000000000000
00000000000000000000000000000000
00000000000000000000000000000000
00000000000000000000000000000000
00000000000000000000000000000000
00000000000000000000000000000000
00000000000000000000000000000000
00000000000000000000000000000000
00000000000000000000000000000000
00000000000000000000000000000000
00000000000000000000000000000000
00000000000000000000000000000000
00000000000000000000000000000000
00000000000000000000000000000000
00000000000000000000000000000000
00000000000000000000000000000000
00000000000000000000000000000000
00000000000000000000000000000000
00000000000000000000000000000000
00000000000000000000000000000000
00000000000000000000000000000000
00000000000000000000000000000000
00000000000000000000000000000000
00000000000000000000000000000000
00000000000000000000000000000000
00000000000000000000000000000000
00000000000000000000000000000000
00000000000000000000000000000000
00000000000000000000000000000000
00000000000000000000000000000000
00000000000000000000000000000000
00000000000000000000000000000000
00000000000000000000000000000000
00000000000000000000000000000000
00000000000000000000000000000000
00000000000000000000000000000000
00000000000000000000000000000000
00000000000000000000000000000000
00000000000000000000000000000000
00000000000000000000000000000000
00000000000000000000000000000000
00000000000000000000000000000000
00000000000000000000000000000000
00000000000000000000000000000000
00000000000000000000000000000000
00000000000000000000000000000000
00000000000000000000000000000000
00000000000000000000000000000000
00000000000000000000000000000000
00000000000000000000000000000000
00000000000000000000000000000000
00000000000000000000000000000000
00000000000000000000000000000000
00000000000000000000000000000000
00000000000000000000000000000000
00000000000000000000000000000000
00000000000000000000000000000000
00000000000000000000000000000000
00000000000000000000000000000000
00000000000000000000000000000000
00000000000000000000000000000000
00000000000000000000000000000000
00000000000000000000000000000000
00000000000000000000000000000000
00000000000000000000000000000000
00000000000000000000000000000000
00000000000000000000000000000000
00000000000000000000000000000000
00000000000000000000000000000000
00000000000000000000000000000000
00000000000000000000000000000000
00000000000000000000000000000000
00000000000000000000000000000000
00000000000000000000000000000000
00000000000000000000000000000000
00000000000000000000000000000000
00000000000000000000000000000000
00000000000000000000000000000000
00000000000000000000000000000000
00000000000000000000000000000000
00000000000000000000000000000000
00000000000000000000000000000000
00000000000000000000000000000000
00000000000000000000000000000000
00000000000000000000000000000000
00000000000000000000000000000000
00000000000000000000000000000000
00000000000000000000000000000000
00000000000000000000000000000000
00000000000000000000000000000000
00000000000000000000000000000000
00000000000000000000000000000000
00000000000000000000000000000000
00000000000000000000000000000000
00000000000000000000000000000000
00000000000000000000000000000000
00000000000000000000000000000000
00000000000000000000000000000000
00000000000000000000000000000000
00000000000000000000000000000000
00000000000000000000000000000000
00000000000000000000000000000000
00000000000000000000000000000000
00000000000000000000000000000000
00000000000000000000000000000000
00000000000000000000000000000000
00000000000000000000000000000000
00000000000000000000000000000000
00000000000000000000000000000000
00000000000000000000000000000000
00000000000000000000000000000000
00000000000000000000000000000000
00000000000000000000000000000000
00000000000000000000000000000000
00000000000000000000000000000000
00000000000000000000000000000000
00000000000000000000000000000000
00000000000000000000000000000000
00000000000000000000000000000000
00000000000000000000000000000000
00000000000000000000000000000000
00000000000000000000000000000000
00000000000000000000000000000000
00000000000000000000000000000000
00000000000000000000000000000000
00000000000000000000000000000000
00000000000000000000000000000000
00000000000000000000000000000000
00000000000000000000000000000000
00000000000000000000000000000000
00000000000000000000000000000000
00000000000000000000000000000000
00000000000000000000000000000000
00000000000000000000000000000000
00000000000000000000000000000000
00000000000000000000000000000000
00000000000000000000000000000000
00000000000000000000000000000000
00000000000000000000000000000000
00000000000000000000000000000000
00000000000000000000000000000000
00000000000000000000000000000000
00000000000000000000000000000000
00000000000000000000000000000000
00000000000000000000000000000000
00000000000000000000000000000000
00000000000000000000000000000000
00000000000000000000000000000000
00000000000000000000000000000000
00000000000000000000000000000000
00000000000000000000000000000000
00000000000000000000000000000000
00000000000000000000000000000000
00000000000000000000000000000000
00000000000000000000000000000000
00000000000000000000000000000000
00000000000000000000000000000000
00000000000000000000000000000000
00000000000000000000000000000000
00000000000000000000000000000000
00000000000000000000000000000000
00000000000000000000000000000000
00000000000000000000000000000000
00000000000000000000000000000000
00000000000000000000000000000000
00000000000000000000000000000000
00000000000000000000000000000000
00000000000000000000000000000000
00000000000000000000000000000000
00000000000000000000000000000000
00000000000000000000000000000000
00000000000000000000000000000000
00000000000000000000000000000000
00000000000000000000000000000000
00000000000000000000000000000000
00000000000000000000000000000000
00000000000000000000000000000000
00000000000000000000000000000000
00000000000000000000000000000000
00000000000000000000000000000000
00000000000000000000000000000000
00000000000000000000000000000000
00000000000000000000000000000000
00000000000000000000000000000000
00000000000000000000000000000000
00000000000000000000000000000000
00000000000000000000000000000000
00000000000000000000000000000000
00000000000000000000000000000000
00000000000000000000000000000000
00000000000000000000000000000000
00000000000000000000000000000000
00000000000000000000000000000000
00000000000000000000000000000000
00000000000000000000000000000000
00000000000000000000000000000000
00000000000000000000000000000000
00000000000000000000000000000000
00000000000000000000000000000000
00000000000000000000000000000000
00000000000000000000000000000000
00000000000000000000000000000000
00000000000000000000000000000000
00000000000000000000000000000000
00000000000000000000000000000000
00000000000000000000000000000000
00000000000000000000000000000000
00000000000000000000000000000000
00000000000000000000000000000000
00000000000000000000000000000000
00000000000000000000000000000000
00000000000000000000000000000000
00000000000000000000000000000000
00000000000000000000000000000000
00000000000000000000000000000000
00000000000000000000000000000000
00000000000000000000000000000000
00000000000000000000000000000000
00000000000000000000000000000000
00000000000000000000000000000000
00000000000000000000000000000000
00000000000000000000000000000000
00000000000000000000000000000000
00000000000000000000000000000000
00000000000000000000000000000000
00000000000000000000000000000000
00000000000000000000000000000000
00000000000000000000000000000000
00000000000000000000000000000000
00000000000000000000000000000000
00000000000000000000000000000000
00000000000000000000000000000000
00000000000000000000000000000000
00000000000000000000000000000000
00000000000000000000000000000000
00000000000000000000000000000000
00000000000000000000000000000000
00000000000000000000000000000000
00000000000000000000000000000000
00000000000000000000000000000000
00000000000000000000000000000000
00000000000000000000000000000000
00000000000000000000000000000000
00000000000000000000000000000000
00000000000000000000000000000000
00000000000000000000000000000000
00000000000000000000000000000000
00000000000000000000000000000000
00000000000000000000000000000000
00000000000000000000000000000000
00000000000000000000000000000000
00000000000000000000000000000000
00000000000000000000000000000000
00000000000000000000000000000000
00000000000000000000000000000000
00000000000000000000000000000000
00000000000000000000000000000000
00000000000000000000000000000000
00000000000000000000000000000000
00000000000000000000000000000000
00000000000000000000000000000000
00000000000000000000000000000000
00000000000000000000000000000000
00000000000000000000000000000000
00000000000000000000000000000000
00000000000000000000000000000000
00000000000000000000000000000000
00000000000000000000000000000000
00000000000000000000000000000000
00000000000000000000000000000000
00000000000000000000000000000000
00000000000000000000000000000000
00000000000000000000000000000000
00000000000000000000000000000000
00000000000000000000000000000000
00000000000000000000000000000000
00000000000000000000000000000000
00000000000000000000000000000000
00000000000000000000000000000000
00000000000000000000000000000000
00000000000000000000000000000000
00000000000000000000000000000000
00000000000000000000000000000000
00000000000000000000000000000000
00000000000000000000000000000000
00000000000000000000000000000000
00000000000000000000000000000000
00000000000000000000000000000000
00000000000000000000000000000000
00000000000000000000000000000000
00000000000000000000000000000000
00000000000000000000000000000000
00000000000000000000000000000000
00000000000000000000000000000000
00000000000000000000000000000000
00000000000000000000000000000000
00000000000000000000000000000000
00000000000000000000000000000000
00000000000000000000000000000000
00000000000000000000000000000000
00000000000000000000000000000000
00000000000000000000000000000000
00000000000000000000000000000000
00000000000000000000000000000000
00000000000000000000000000000000
00000000000000000000000000000000
00000000000000000000000000000000
00000000000000000000000000000000
00000000000000000000000000000000
00000000000000000000000000000000
00000000000000000000000000000000
00000000000000000000000000000000
00000000000000000000000000000000
00000000000000000000000000000000
00000000000000000000000000000000